1 0.560691 0.096726 0.025677 0.005077
1 0.580999 0.109331 0.010738 0.019783
0 0.369164 0.035102 0.012372 0.002626
2 0.668184 0.091824 0.009104 0.029937
1 0.643324 0.791579 0.041083 0.004727
1 0.627918 0.802959 0.037348 0.006828
3 0.502101 0.901523 0.020075 0.008929
3 0.481559 0.893032 0.010738 0.006303
3 0.538749 0.901085 0.013539 0.009804
0 0.426704 0.845676 0.010271 0.005777
3 0.461018 0.891632 0.012138 0.007353
1 0.508287 0.913866 0.019374 0.010154
1 0.639122 0.943715 0.037348 0.011029
1 0.649276 0.950805 0.035247 0.005602
2 0.618114 0.924807 0.021942 0.019783
1 0.656979 0.888655 0.029645 0.007353
0 0.483777 0.864846 0.004435 0.005252
1 0.669234 0.871674 0.028478 0.007003
2 0.595238 0.923845 0.024743 0.012255
2 0.693277 0.757878 0.034080 0.023459
1 0.481209 0.811450 0.011905 0.020658
1 0.752334 0.492910 0.021475 0.023634
1 0.758053 0.463673 0.033380 0.015931
1 0.755252 0.433386 0.033380 0.009979
1 0.754085 0.422181 0.031046 0.012080
1 0.746499 0.326768 0.031279 0.008929
1 0.742647 0.289916 0.028711 0.011555
1 0.736578 0.246674 0.024977 0.005252
1 0.709267 0.160889 0.074930 0.017857
1 0.732960 0.202994 0.031746 0.062150
0 0.685341 0.109331 0.011204 0.006828
0 0.695962 0.116334 0.005836 0.004377
