0 0.536998 0.073354 0.021242 0.015756
1 0.409430 0.189513 0.148459 0.127976
1 0.336835 0.281600 0.043884 0.014531
0 0.396125 0.588585 0.013539 0.007003
0 0.398576 0.609681 0.013305 0.007878
0 0.417367 0.726891 0.012605 0.013305
0 0.655696 0.795693 0.010271 0.006653
0 0.646242 0.773810 0.008170 0.004552
1 0.646125 0.654674 0.190009 0.012080
1 0.724556 0.618960 0.095238 0.027486
1 0.764356 0.586047 0.027778 0.042542
0 0.587302 0.602241 0.020075 0.016807
0 0.628385 0.613796 0.046685 0.026261
2 0.712768 0.519783 0.066993 0.025910
2 0.768207 0.561712 0.051821 0.017332
0 0.768908 0.498249 0.014006 0.007353
1 0.637838 0.476190 0.039916 0.003852
2 0.734711 0.364146 0.054388 0.076681
0 0.657680 0.133053 0.021709 0.014706
1 0.641106 0.213761 0.012372 0.017157
2 0.698646 0.093575 0.070962 0.064601
