1 0.562792 0.303309 0.108777 0.071604
1 0.640406 0.464023 0.106209 0.047094
1 0.528128 0.549720 0.023109 0.029062
1 0.591970 0.555497 0.018207 0.041317
2 0.677404 0.564601 0.039683 0.153711
1 0.602824 0.694590 0.023576 0.062850
1 0.559057 0.701243 0.111578 0.029937
1 0.507703 0.748337 0.044351 0.050245
1 0.542717 0.807248 0.052754 0.128852
1 0.419234 0.695116 0.083100 0.039391
0 0.515756 0.521796 0.027311 0.017332
0 0.489613 0.529762 0.023576 0.009804
0 0.447829 0.549982 0.040383 0.042542
1 0.449813 0.473652 0.049953 0.008578
