3 0.556256 0.070816 0.018207 0.013480
3 0.544001 0.110557 0.010037 0.011380
3 0.575397 0.134541 0.009804 0.008578
3 0.592904 0.114583 0.011204 0.007178
0 0.357843 0.055760 0.007470 0.007878
3 0.392624 0.530812 0.010738 0.009104
1 0.323063 0.741071 0.032680 0.026261
0 0.364496 0.871586 0.005836 0.006127
0 0.376984 0.891894 0.006536 0.004027
0 0.283847 0.823442 0.015873 0.009279
0 0.492180 0.820028 0.014706 0.008053
0 0.455649 0.826243 0.007470 0.003676
0 0.496499 0.829832 0.008870 0.005602
0 0.658380 0.817752 0.005836 0.005252
2 0.756303 0.816176 0.015406 0.013305
3 0.807073 0.912290 0.017507 0.028361
3 0.809641 0.884804 0.008637 0.021709
1 0.691176 0.221289 0.015873 0.014706
3 0.578431 0.083333 0.041083 0.021709
