2 0.399160 0.080707 0.116246 0.052171
1 0.324230 0.054534 0.015406 0.015931
2 0.522409 0.220151 0.066293 0.037990
2 0.435458 0.300770 0.139356 0.024510
1 0.386321 0.363883 0.013072 0.011380
1 0.366130 0.397409 0.085201 0.023459
1 0.259337 0.826856 0.023810 0.024160
1 0.371499 0.840511 0.069328 0.051821
1 0.451681 0.912903 0.028945 0.023634
2 0.778828 0.773109 0.106676 0.051120
2 0.757820 0.886555 0.064659 0.025560
2 0.652894 0.841824 0.061625 0.044993
2 0.625817 0.894520 0.119048 0.047794
1 0.529178 0.792454 0.015873 0.023284
2 0.575163 0.707195 0.056956 0.245973
2 0.653128 0.106355 0.021942 0.097514
2 0.703548 0.074317 0.024276 0.077556
