2 0.479925 0.176996 0.033147 0.258053
3 0.352941 0.509016 0.150794 0.075805
2 0.445028 0.298057 0.030112 0.503676
1 0.320145 0.215336 0.017974 0.011905
1 0.616363 0.564863 0.028711 0.046394
1 0.584967 0.567577 0.016807 0.019258
1 0.593021 0.663165 0.024977 0.059174
1 0.531162 0.690301 0.115079 0.028011
2 0.357493 0.819853 0.172969 0.023459
1 0.285598 0.748424 0.026844 0.028711
1 0.291550 0.780637 0.024276 0.031513
2 0.481676 0.857230 0.014706 0.049895
1 0.591270 0.803571 0.169468 0.015756
2 0.577264 0.853029 0.013072 0.030287
2 0.659080 0.853992 0.011438 0.032563
2 0.684174 0.843925 0.011204 0.034489
0 0.753968 0.790966 0.058824 0.022759
1 0.845588 0.773985 0.038515 0.145308
1 0.813842 0.699842 0.102474 0.136730
1 0.687208 0.308036 0.078898 0.324755
0 0.617180 0.532475 0.032213 0.020133
